z_ss=1.00369596
r_ss=0.06000000
market_residual=-9.62489367e-01
ir_lo=18 ir_hi=19 w_r=1.00000000
mass_b_le_6=1.00000012
mass_b_gt_6=0.00000000
b_quantile_0.500=-1.00000000
b_quantile_0.900=-0.74371856
b_quantile_0.950=-0.74371856
b_quantile_0.990=-0.74371856
b_quantile_0.999=-0.74371856
