z_ss=1.00369596
r_ss=0.01000000
market_residual=3.40530068e-01
ir_lo=0 ir_hi=1 w_r=0.00000000
mass_b_le_2=1.00000000
mass_b_le_6=1.00000000
mass_b_gt_10=0.00000000
mass_b_gt_20=0.00000000
max_b_with_mass_gt_1e-6=1.30653262
max_b_with_mass_gt_1e-4=1.05025125
b_quantile_0.500=0.28140703
b_quantile_0.900=0.53768843
b_quantile_0.950=0.79396987
b_quantile_0.990=1.05025125
b_quantile_0.999=1.05025125
